{
 "cells": [
  {
   "cell_type": "markdown",
   "metadata": {},
   "source": [
    "$$|\\psi\\rangle=\\cos\\left(\\frac{\\theta}{2}\\right)|0\\rangle+\\sin\\left(\\frac{\\theta}{2}\\right)e^{i\\phi}|1\\rangle.$$"
   ]
  },
  {
   "cell_type": "code",
   "execution_count": 1,
   "metadata": {},
   "outputs": [],
   "source": [
    "import numpy as np\n",
    "\n",
    "# 量子态的表示\n",
    "def quantum_state(theta, phi):\n",
    "\n",
    "    coeff_0 = np.cos(theta / 2)\n",
    "    coeff_1 = np.sin(theta / 2) * np.exp(1j * phi)\n",
    "    return coeff_0 * np.array([1, 0]) + coeff_1 * np.array([0, 1])\n",
    "\n",
    "# import random\n",
    "# # 设定参数\n",
    "# theta = random.uniform(0, np.pi)    # θ的值\n",
    "# phi = random.uniform(0, 2 * np.pi)  # φ的值\n",
    "\n",
    "# # 计算量子态\n",
    "# psi = quantum_state(theta, phi)\n",
    "\n",
    "# print(\"|ψ⟩ =\", psi)\n"
   ]
  },
  {
   "cell_type": "markdown",
   "metadata": {},
   "source": [
    "$$\\hat{\\rho}=\\sum_i P_i|\\psi_i\\rangle\\langle\\psi_i|,~\\sum_i P_i =1$$"
   ]
  },
  {
   "cell_type": "code",
   "execution_count": 2,
   "metadata": {},
   "outputs": [],
   "source": [
    "import numpy as np\n",
    "import random\n",
    "\n",
    "# generate density martrix randomly\n",
    "def generate_density_matrix(num_qubit=2, if_pure_state_included=False):\n",
    "    \n",
    "    if if_pure_state_included:\n",
    "        num_state = random.randint(1, 3)**num_qubit\n",
    "    else:\n",
    "        num_state = random.randint(2, 3)**num_qubit \n",
    "    possible_each_states = np.random.rand(num_state)\n",
    "    possible_each_states /= sum(possible_each_states)\n",
    "\n",
    "    if num_state == 1:\n",
    "        if_pure = 1\n",
    "    else:\n",
    "        if_pure = 0\n",
    "\n",
    "    for i in range(num_state):\n",
    "        state = 1\n",
    "        for j in range(num_qubit):\n",
    "            theta = random.uniform(0, np.pi) \n",
    "            phi = random.uniform(0, 2 * np.pi)\n",
    "            state_single = quantum_state(theta, phi)\n",
    "            state = np.kron(state_single, state) \n",
    "        if i == 0:\n",
    "            density_matrix = np.outer(state, state.conj()) * possible_each_states[i]\n",
    "        else:\n",
    "            density_matrix += np.outer(state, state.conj()) * possible_each_states[i]\n",
    "    \n",
    "    return density_matrix, possible_each_states, if_pure"
   ]
  },
  {
   "cell_type": "markdown",
   "metadata": {},
   "source": [
    "$$\\rho_A=Tr_B(\\rho_{AB})$$\n",
    "\n",
    "$$\\mathrm{Tr}_B(C)=\\sum_{i=0}^{n-1}{(I_n\\otimes\\langle i|)C(I_n\\otimes|i\\rangle)}$$\n",
    "\n",
    "$$\\mathrm{Tr}_A(C)=\\sum_{i=0}^{n-1}\\left(\\langle i|\\otimes I_n\\right)C(|i\\rangle\\otimes I_n)$$\n",
    "\n"
   ]
  },
  {
   "cell_type": "code",
   "execution_count": 3,
   "metadata": {},
   "outputs": [],
   "source": [
    "# 求偏迹\n",
    "def partial_trace_A(rho_AB, dim_A, dim_B):\n",
    "\n",
    "    rho_A = np.zeros((dim_A, dim_A), dtype=complex)\n",
    "    for i in range(dim_B):\n",
    "        # |i>\n",
    "        ket_i = np.zeros((dim_B,1), dtype=complex)\n",
    "        ket_i[i] = 1\n",
    "        I_A = np.eye(dim_A)\n",
    "\n",
    "        rho_A += np.kron(I_A, ket_i.conj().T) @ rho_AB @ np.kron(I_A, ket_i)\n",
    "    \n",
    "    return rho_A\n",
    "\n",
    "def partial_trace_B(rho_AB, dim_A, dim_B):\n",
    "\n",
    "    rho_B = np.zeros((dim_B, dim_B), dtype=complex)\n",
    "    for i in range(dim_A):\n",
    "        # |i>\n",
    "        ket_i = np.zeros((dim_B,1), dtype=complex)\n",
    "        ket_i[i] = 1\n",
    "        I_B = np.eye(dim_B)\n",
    "\n",
    "        rho_B += np.kron(ket_i.conj().T,I_B) @ rho_AB @ np.kron(ket_i, I_B)\n",
    "    \n",
    "    return rho_B"
   ]
  },
  {
   "cell_type": "code",
   "execution_count": 4,
   "metadata": {},
   "outputs": [
    {
     "data": {
      "text/plain": [
       "(array([[ 2.09198484e-03+0.00000000e+00j,  1.31652471e-03-2.13688683e-03j,\n",
       "          9.38295775e-04+1.06618190e-02j,  1.14811493e-02+5.75124449e-03j,\n",
       "          5.06128778e-04-1.99870759e-03j, -1.72309130e-03-1.77481584e-03j,\n",
       "          1.04134393e-02+1.68303063e-03j,  8.27252459e-03-9.57778921e-03j,\n",
       "          2.89862650e-03-1.79701250e-03j, -1.14240510e-05-4.09173526e-03j,\n",
       "          1.04585801e-02+1.39668803e-02j,  2.08484406e-02-1.89344540e-03j,\n",
       "         -1.01560211e-03-3.20414679e-03j, -3.91205719e-03-9.79027948e-04j,\n",
       "          1.58744449e-02-6.61314703e-03j,  3.23499098e-03-2.03769467e-02j],\n",
       "        [ 1.31652471e-03+2.13688683e-03j,  3.01126590e-03+6.92558735e-20j,\n",
       "         -1.03001756e-02+7.66811487e-03j,  1.35061116e-03+1.53469430e-02j,\n",
       "          2.36012368e-03-7.40831371e-04j,  7.28536986e-04-2.87699982e-03j,\n",
       "          4.83421481e-03+1.16961137e-02j,  1.49894177e-02+2.42260490e-03j,\n",
       "          3.65974245e-03+1.82994894e-03j,  4.17237016e-03-2.58667384e-03j,\n",
       "         -7.68488529e-03+1.94726770e-02j,  1.50543948e-02+2.01043476e-02j,\n",
       "          2.63378285e-03-3.05382958e-03j, -1.46188823e-03-4.61214526e-03j,\n",
       "          1.67451718e-02+1.20533955e-02j,  2.28501534e-02-9.51916273e-03j],\n",
       "        [ 9.38295775e-04-1.06618190e-02j, -1.03001756e-02-7.66811487e-03j,\n",
       "          5.47588979e-02+1.48444239e-19j,  3.44607860e-02-5.59342330e-02j,\n",
       "         -9.95942213e-03-3.47594886e-03j, -9.81820433e-03+7.98571055e-03j,\n",
       "          1.32482098e-02-5.23173125e-02j, -4.51028987e-02-4.64568182e-02j,\n",
       "         -7.85839970e-03-1.55788702e-02j, -2.08586884e-02-1.77699984e-03j,\n",
       "          7.58732038e-02-4.70378283e-02j, -2.99031059e-04-1.07103507e-01j,\n",
       "         -1.67854794e-02+3.73890307e-03j, -6.74425802e-03+1.94987207e-02j,\n",
       "         -2.65839652e-02-8.38703719e-02j, -1.02400331e-01-2.56266156e-02j],\n",
       "        [ 1.14811493e-02-5.75124449e-03j,  1.35061116e-03-1.53469430e-02j,\n",
       "          3.44607860e-02+5.59342330e-02j,  7.88216046e-02+3.57294387e-19j,\n",
       "         -2.71709232e-03-1.23606682e-02j, -1.43358918e-02-5.00338534e-03j,\n",
       "          6.17775850e-02-1.93916842e-02j,  1.90698716e-02-7.53071131e-02j,\n",
       "          1.09678162e-02-1.78311418e-02j, -1.13116169e-02-2.24246944e-02j,\n",
       "          9.57958485e-02+4.78999584e-02j,  1.09214172e-01-6.77076647e-02j,\n",
       "         -1.43825665e-02-1.47927991e-02j, -2.41615239e-02+5.38188954e-03j,\n",
       "          6.89407701e-02-7.99357330e-02j, -3.82657591e-02-1.20725536e-01j],\n",
       "        [ 5.06128778e-04+1.99870759e-03j,  2.36012368e-03+7.40831371e-04j,\n",
       "         -9.95942213e-03+3.47594886e-03j, -2.71709232e-03+1.23606682e-02j,\n",
       "          2.03204071e-03+1.91363534e-20j,  1.27880075e-03-2.07565607e-03j,\n",
       "          9.11409668e-04+1.03563132e-02j,  1.11521662e-02+5.58644723e-03j,\n",
       "          2.41817278e-03+2.33461875e-03j,  3.90652939e-03-1.00085730e-03j,\n",
       "         -1.08138075e-02+1.33713605e-02j,  6.85303218e-03+1.94607573e-02j,\n",
       "          2.81556870e-03-1.74552056e-03j, -1.10967041e-05-3.97448989e-03j,\n",
       "          1.01588979e-02+1.35666707e-02j,  2.02510454e-02-1.83919025e-03j],\n",
       "        [-1.72309130e-03+1.77481584e-03j,  7.28536986e-04+2.87699982e-03j,\n",
       "         -9.81820433e-03-7.98571055e-03j, -1.43358918e-02+5.00338534e-03j,\n",
       "          1.27880075e-03+2.07565607e-03j,  2.92498051e-03+9.92778691e-20j,\n",
       "         -1.00050324e-02+7.44839123e-03j,  1.31191049e-03+1.49071888e-02j,\n",
       "         -8.62927787e-04+3.93929471e-03j,  3.48079063e-03+3.36052044e-03j,\n",
       "         -2.04636898e-02-2.63106894e-03j, -1.55657197e-02+1.92471385e-02j,\n",
       "          3.55487549e-03+1.77751323e-03j,  4.05281427e-03-2.51255479e-03j,\n",
       "         -7.46468112e-03+1.89147032e-02j,  1.46230233e-02+1.95282738e-02j],\n",
       "        [ 1.04134393e-02-1.68303063e-03j,  4.83421481e-03-1.16961137e-02j,\n",
       "          1.32482098e-02+5.23173125e-02j,  6.17775850e-02+1.93916842e-02j,\n",
       "          9.11409668e-04-1.03563132e-02j, -1.00050324e-02-7.44839123e-03j,\n",
       "          5.31898259e-02+6.89424863e-19j,  3.34733400e-02-5.43314828e-02j,\n",
       "          1.29830023e-02-1.12771169e-02j, -3.34872379e-03-2.03585651e-02j,\n",
       "          6.32970533e-02+6.11099789e-02j,  1.02255637e-01-2.61980114e-02j,\n",
       "         -7.63322361e-03-1.51324703e-02j, -2.02609996e-02-1.72608135e-03j,\n",
       "          7.36991185e-02-4.56899973e-02j, -2.90462566e-04-1.04034542e-01j],\n",
       "        [ 8.27252459e-03+9.57778921e-03j,  1.49894177e-02-2.42260490e-03j,\n",
       "         -4.51028987e-02+4.64568182e-02j,  1.90698716e-02+7.53071131e-02j,\n",
       "          1.11521662e-02-5.58644723e-03j,  1.31191049e-03-1.49071888e-02j,\n",
       "          3.34733400e-02+5.43314828e-02j,  7.65630352e-02+2.10052902e-18j,\n",
       "          1.96896101e-02+6.16476909e-03j,  1.86881239e-02-1.62326213e-02j,\n",
       "         -2.25876276e-02+1.03113289e-01j,  9.11116823e-02+8.79635416e-02j,\n",
       "          1.06535423e-02-1.73202049e-02j, -1.09874917e-02-2.17821329e-02j,\n",
       "          9.30508959e-02+4.65274238e-02j,  1.06084728e-01-6.57675563e-02j],\n",
       "        [ 2.89862650e-03+1.79701250e-03j,  3.65974245e-03-1.82994894e-03j,\n",
       "         -7.85839970e-03+1.55788702e-02j,  1.09678162e-02+1.78311418e-02j,\n",
       "          2.41817278e-03-2.33461875e-03j, -8.62927787e-04-3.93929471e-03j,\n",
       "          1.29830023e-02+1.12771169e-02j,  1.96896101e-02-6.16476909e-03j,\n",
       "          5.55993009e-03+5.75996596e-20j,  3.49896671e-03-5.67926743e-03j,\n",
       "          2.49373648e-03+2.83362323e-02j,  3.05137906e-02+1.52852529e-02j,\n",
       "          1.34515345e-03-5.31202437e-03j, -4.57951079e-03-4.71698064e-03j,\n",
       "          2.76761061e-02+4.47304036e-03j,  2.19861337e-02-2.54551741e-02j],\n",
       "        [-1.14240510e-05+4.09173526e-03j,  4.17237016e-03+2.58667384e-03j,\n",
       "         -2.08586884e-02+1.77699984e-03j, -1.13116169e-02+2.24246944e-02j,\n",
       "          3.90652939e-03+1.00085730e-03j,  3.48079063e-03-3.36052044e-03j,\n",
       "         -3.34872379e-03+2.03585651e-02j,  1.86881239e-02+1.62326213e-02j,\n",
       "          3.49896671e-03+5.67926743e-03j,  8.00313060e-03-1.30949137e-21j,\n",
       "         -2.73750817e-02+2.03797760e-02j,  3.58955929e-03+4.07880251e-02j,\n",
       "          6.27257062e-03-1.96892948e-03j,  1.93625433e-03-7.64628764e-03j,\n",
       "          1.28480359e-02+3.10851080e-02j,  3.98378195e-02+6.43862882e-03j],\n",
       "        [ 1.04585801e-02-1.39668803e-02j, -7.68488529e-03-1.94726770e-02j,\n",
       "          7.58732038e-02+4.70378283e-02j,  9.57958485e-02-4.78999584e-02j,\n",
       "         -1.08138075e-02-1.33713605e-02j, -2.04636898e-02+2.63106894e-03j,\n",
       "          6.32970533e-02-6.11099789e-02j, -2.25876276e-02-1.03113289e-01j,\n",
       "          2.49373648e-03-2.83362323e-02j, -2.73750817e-02-2.03797760e-02j,\n",
       "          1.45534345e-01+2.96434852e-18j,  9.15874518e-02-1.48658068e-01j,\n",
       "         -2.64694512e-02-9.23813226e-03j, -2.60941325e-02+2.12238595e-02j,\n",
       "          3.52101596e-02-1.39045271e-01j, -1.19871310e-01-1.23469662e-01j],\n",
       "        [ 2.08484406e-02+1.89344540e-03j,  1.50543948e-02-2.01043476e-02j,\n",
       "         -2.99031059e-04+1.07103507e-01j,  1.09214172e-01+6.77076647e-02j,\n",
       "          6.85303218e-03-1.94607573e-02j, -1.55657197e-02-1.92471385e-02j,\n",
       "          1.02255637e-01+2.61980114e-02j,  9.11116823e-02-8.79635416e-02j,\n",
       "          3.05137906e-02-1.52852529e-02j,  3.58955929e-03-4.07880251e-02j,\n",
       "          9.15874518e-02+1.48658068e-01j,  2.09486514e-01-9.65641153e-19j,\n",
       "         -7.22129675e-03-3.28513141e-02j, -3.81009242e-02-1.32976454e-02j,\n",
       "          1.64188118e-01-5.15378535e-02j,  5.06825628e-02-2.00145945e-01j],\n",
       "        [-1.01560211e-03+3.20414679e-03j,  2.63378285e-03+3.05382958e-03j,\n",
       "         -1.67854794e-02-3.73890307e-03j, -1.43825665e-02+1.47927991e-02j,\n",
       "          2.81556870e-03+1.74552056e-03j,  3.55487549e-03-1.77751323e-03j,\n",
       "         -7.63322361e-03+1.51324703e-02j,  1.06535423e-02+1.73202049e-02j,\n",
       "          1.34515345e-03+5.31202437e-03j,  6.27257062e-03+1.96892948e-03j,\n",
       "         -2.64694512e-02+9.23813226e-03j, -7.22129675e-03+3.28513141e-02j,\n",
       "          5.40061479e-03-1.07316295e-19j,  3.39870665e-03-5.51653262e-03j,\n",
       "          2.42228048e-03+2.75242805e-02j,  2.96394426e-02+1.48472663e-02j],\n",
       "        [-3.91205719e-03+9.79027948e-04j, -1.46188823e-03+4.61214526e-03j,\n",
       "         -6.74425802e-03-1.94987207e-02j, -2.41615239e-02-5.38188954e-03j,\n",
       "         -1.10967041e-05+3.97448989e-03j,  4.05281427e-03+2.51255479e-03j,\n",
       "         -2.02609996e-02+1.72608135e-03j, -1.09874917e-02+2.17821329e-02j,\n",
       "         -4.57951079e-03+4.71698064e-03j,  1.93625433e-03+7.64628764e-03j,\n",
       "         -2.60941325e-02-2.12238595e-02j, -3.81009242e-02+1.32976454e-02j,\n",
       "          3.39870665e-03+5.51653262e-03j,  7.77380736e-03+5.14807490e-20j,\n",
       "         -2.65906709e-02+1.97958100e-02j,  3.48670337e-03+3.96192772e-02j],\n",
       "        [ 1.58744449e-02+6.61314703e-03j,  1.67451718e-02-1.20533955e-02j,\n",
       "         -2.65839652e-02+8.38703719e-02j,  6.89407701e-02+7.99357330e-02j,\n",
       "          1.01588979e-02-1.35666707e-02j, -7.46468112e-03-1.89147032e-02j,\n",
       "          7.36991185e-02+4.56899973e-02j,  9.30508959e-02-4.65274238e-02j,\n",
       "          2.76761061e-02-4.47304036e-03j,  1.28480359e-02-3.10851080e-02j,\n",
       "          3.52101596e-02+1.39045271e-01j,  1.64188118e-01+5.15378535e-02j,\n",
       "          2.42228048e-03-2.75242805e-02j, -2.65906709e-02-1.97958100e-02j,\n",
       "          1.41364176e-01-3.25485820e-18j,  8.89630874e-02-1.44398391e-01j],\n",
       "        [ 3.23499098e-03+2.03769467e-02j,  2.28501534e-02+9.51916273e-03j,\n",
       "         -1.02400331e-01+2.56266156e-02j, -3.82657591e-02+1.20725536e-01j,\n",
       "          2.02510454e-02+1.83919025e-03j,  1.46230233e-02-1.95282738e-02j,\n",
       "         -2.90462566e-04+1.04034542e-01j,  1.06084728e-01+6.57675563e-02j,\n",
       "          2.19861337e-02+2.54551741e-02j,  3.98378195e-02-6.43862882e-03j,\n",
       "         -1.19871310e-01+1.23469662e-01j,  5.06825628e-02+2.00145945e-01j,\n",
       "          2.96394426e-02-1.48472663e-02j,  3.48670337e-03-3.96192772e-02j,\n",
       "          8.89630874e-02+1.44398391e-01j,  2.03483847e-01-1.17799976e-19j]]),\n",
       " array([1.]))"
      ]
     },
     "execution_count": 4,
     "metadata": {},
     "output_type": "execute_result"
    }
   ],
   "source": [
    "rho_AB, p_AB, _ = generate_density_matrix(num_qubit=4, if_pure_state_included=True)\n",
    "rho_AB, p_AB"
   ]
  },
  {
   "cell_type": "code",
   "execution_count": 5,
   "metadata": {},
   "outputs": [
    {
     "data": {
      "text/plain": [
       "(1+2.109866420183247e-18j)"
      ]
     },
     "execution_count": 5,
     "metadata": {},
     "output_type": "execute_result"
    }
   ],
   "source": [
    "np.trace(rho_AB)"
   ]
  },
  {
   "cell_type": "code",
   "execution_count": 6,
   "metadata": {},
   "outputs": [
    {
     "data": {
      "text/plain": [
       "array([-4.33227005e-19-5.67638780e-20j,  1.00000000e+00+6.99565778e-18j,\n",
       "        1.64276594e-17+9.71500232e-18j,  6.45235761e-19-1.67608593e-17j,\n",
       "       -1.70287243e-17+6.58839188e-18j,  1.38699471e-17-1.35128867e-18j,\n",
       "       -1.16362780e-17+1.79144630e-18j, -9.13637045e-18+5.96989739e-18j,\n",
       "       -7.57742999e-18-9.45858619e-19j,  2.88319563e-18-3.46456726e-18j,\n",
       "       -2.71484808e-18+5.31561291e-19j,  2.13993660e-18+5.42368276e-19j,\n",
       "        2.34770715e-19-8.78229125e-19j, -4.16450094e-19+9.61146282e-19j,\n",
       "       -3.26377398e-19-6.41068546e-20j,  4.63565738e-19+4.55717031e-19j])"
      ]
     },
     "execution_count": 6,
     "metadata": {},
     "output_type": "execute_result"
    }
   ],
   "source": [
    "eigenvalues, _ = np.linalg.eig(rho_AB)\n",
    "eigenvalues"
   ]
  },
  {
   "cell_type": "code",
   "execution_count": 7,
   "metadata": {},
   "outputs": [
    {
     "data": {
      "text/plain": [
       "array([[ 0.13868375+5.74994499e-19j,  0.03355275-1.32500133e-01j,\n",
       "         0.19215837-1.19129179e-01j, -0.06732721-2.12412200e-01j],\n",
       "       [ 0.03355275+1.32500133e-01j,  0.13470988+2.90836811e-18j,\n",
       "         0.1603077 +1.54768660e-01j,  0.18665223-1.15715629e-01j],\n",
       "       [ 0.19215837+1.19129179e-01j,  0.1603077 -1.54768660e-01j,\n",
       "         0.36858392+2.05499754e-18j,  0.08917413-3.52149529e-01j],\n",
       "       [-0.06732721+2.12412200e-01j,  0.18665223+1.15715629e-01j,\n",
       "         0.08917413+3.52149529e-01j,  0.35802245-3.42849373e-18j]])"
      ]
     },
     "execution_count": 7,
     "metadata": {},
     "output_type": "execute_result"
    }
   ],
   "source": [
    "rho_A = partial_trace_A(rho_AB, 4, 4)\n",
    "rho_A"
   ]
  },
  {
   "cell_type": "code",
   "execution_count": 8,
   "metadata": {},
   "outputs": [
    {
     "data": {
      "text/plain": [
       "(1+2.109866420183247e-18j)"
      ]
     },
     "execution_count": 8,
     "metadata": {},
     "output_type": "execute_result"
    }
   ],
   "source": [
    "np.trace(rho_A)"
   ]
  },
  {
   "cell_type": "code",
   "execution_count": 9,
   "metadata": {},
   "outputs": [
    {
     "data": {
      "text/plain": [
       "array([[ 0.01508457-3.05802822e-20j,  0.009493  -1.54083429e-02j,\n",
       "         0.00676572+7.68786451e-02j,  0.08278655+4.14702109e-02j],\n",
       "       [ 0.009493  +1.54083429e-02j,  0.02171318+2.18705000e-19j,\n",
       "        -0.07427096+5.52920922e-02j,  0.00973878+1.10661434e-01j],\n",
       "       [ 0.00676572-7.68786451e-02j, -0.07427096-5.52920922e-02j,\n",
       "         0.39484725+5.47359423e-19j,  0.24848467-4.03322175e-01j],\n",
       "       [ 0.08278655-4.14702109e-02j,  0.00973878-1.10661434e-01j,\n",
       "         0.24848467+4.03322175e-01j,  0.568355  +1.37438228e-18j]])"
      ]
     },
     "execution_count": 9,
     "metadata": {},
     "output_type": "execute_result"
    }
   ],
   "source": [
    "rho_B = partial_trace_B(rho_AB, 4, 4)\n",
    "rho_B"
   ]
  },
  {
   "cell_type": "code",
   "execution_count": 10,
   "metadata": {},
   "outputs": [
    {
     "data": {
      "text/plain": [
       "(1+2.109866420183247e-18j)"
      ]
     },
     "execution_count": 10,
     "metadata": {},
     "output_type": "execute_result"
    }
   ],
   "source": [
    "np.trace(rho_B)"
   ]
  },
  {
   "cell_type": "code",
   "execution_count": 11,
   "metadata": {},
   "outputs": [
    {
     "data": {
      "text/plain": [
       "array([[ 2.09198484e-03+4.43255672e-21j,  1.31652471e-03-2.13688683e-03j,\n",
       "         9.38295775e-04+1.06618190e-02j,  1.14811493e-02+5.75124449e-03j,\n",
       "         5.06128778e-04-1.99870759e-03j, -1.72309130e-03-1.77481584e-03j,\n",
       "         1.04134393e-02+1.68303063e-03j,  8.27252459e-03-9.57778921e-03j,\n",
       "         2.89862650e-03-1.79701250e-03j, -1.14240510e-05-4.09173526e-03j,\n",
       "         1.04585801e-02+1.39668803e-02j,  2.08484406e-02-1.89344540e-03j,\n",
       "        -1.01560211e-03-3.20414679e-03j, -3.91205719e-03-9.79027948e-04j,\n",
       "         1.58744449e-02-6.61314703e-03j,  3.23499098e-03-2.03769467e-02j],\n",
       "       [ 1.31652471e-03+2.13688683e-03j,  3.01126590e-03+4.28157919e-20j,\n",
       "        -1.03001756e-02+7.66811487e-03j,  1.35061116e-03+1.53469430e-02j,\n",
       "         2.36012368e-03-7.40831371e-04j,  7.28536986e-04-2.87699982e-03j,\n",
       "         4.83421481e-03+1.16961137e-02j,  1.49894177e-02+2.42260490e-03j,\n",
       "         3.65974245e-03+1.82994894e-03j,  4.17237016e-03-2.58667384e-03j,\n",
       "        -7.68488529e-03+1.94726770e-02j,  1.50543948e-02+2.01043476e-02j,\n",
       "         2.63378285e-03-3.05382958e-03j, -1.46188823e-03-4.61214526e-03j,\n",
       "         1.67451718e-02+1.20533955e-02j,  2.28501534e-02-9.51916273e-03j],\n",
       "       [ 9.38295775e-04-1.06618190e-02j, -1.03001756e-02-7.66811487e-03j,\n",
       "         5.47588979e-02+3.02944853e-19j,  3.44607860e-02-5.59342330e-02j,\n",
       "        -9.95942213e-03-3.47594886e-03j, -9.81820433e-03+7.98571055e-03j,\n",
       "         1.32482098e-02-5.23173125e-02j, -4.51028987e-02-4.64568182e-02j,\n",
       "        -7.85839970e-03-1.55788702e-02j, -2.08586884e-02-1.77699984e-03j,\n",
       "         7.58732038e-02-4.70378283e-02j, -2.99031059e-04-1.07103507e-01j,\n",
       "        -1.67854794e-02+3.73890307e-03j, -6.74425802e-03+1.94987207e-02j,\n",
       "        -2.65839652e-02-8.38703719e-02j, -1.02400331e-01-2.56266156e-02j],\n",
       "       [ 1.14811493e-02-5.75124449e-03j,  1.35061116e-03-1.53469430e-02j,\n",
       "         3.44607860e-02+5.59342330e-02j,  7.88216046e-02+5.17405492e-19j,\n",
       "        -2.71709232e-03-1.23606682e-02j, -1.43358918e-02-5.00338534e-03j,\n",
       "         6.17775850e-02-1.93916842e-02j,  1.90698716e-02-7.53071131e-02j,\n",
       "         1.09678162e-02-1.78311418e-02j, -1.13116169e-02-2.24246944e-02j,\n",
       "         9.57958485e-02+4.78999584e-02j,  1.09214172e-01-6.77076647e-02j,\n",
       "        -1.43825665e-02-1.47927991e-02j, -2.41615239e-02+5.38188954e-03j,\n",
       "         6.89407701e-02-7.99357330e-02j, -3.82657591e-02-1.20725536e-01j],\n",
       "       [ 5.06128778e-04+1.99870759e-03j,  2.36012368e-03+7.40831371e-04j,\n",
       "        -9.95942213e-03+3.47594886e-03j, -2.71709232e-03+1.23606682e-02j,\n",
       "         2.03204071e-03+3.97520173e-20j,  1.27880075e-03-2.07565607e-03j,\n",
       "         9.11409668e-04+1.03563132e-02j,  1.11521662e-02+5.58644723e-03j,\n",
       "         2.41817278e-03+2.33461875e-03j,  3.90652939e-03-1.00085730e-03j,\n",
       "        -1.08138075e-02+1.33713605e-02j,  6.85303218e-03+1.94607573e-02j,\n",
       "         2.81556870e-03-1.74552056e-03j, -1.10967041e-05-3.97448989e-03j,\n",
       "         1.01588979e-02+1.35666707e-02j,  2.02510454e-02-1.83919025e-03j],\n",
       "       [-1.72309130e-03+1.77481584e-03j,  7.28536986e-04+2.87699982e-03j,\n",
       "        -9.81820433e-03-7.98571055e-03j, -1.43358918e-02+5.00338534e-03j,\n",
       "         1.27880075e-03+2.07565607e-03j,  2.92498051e-03+9.26116578e-20j,\n",
       "        -1.00050324e-02+7.44839123e-03j,  1.31191049e-03+1.49071888e-02j,\n",
       "        -8.62927787e-04+3.93929471e-03j,  3.48079063e-03+3.36052044e-03j,\n",
       "        -2.04636898e-02-2.63106894e-03j, -1.55657197e-02+1.92471385e-02j,\n",
       "         3.55487549e-03+1.77751323e-03j,  4.05281427e-03-2.51255479e-03j,\n",
       "        -7.46468112e-03+1.89147032e-02j,  1.46230233e-02+1.95282738e-02j],\n",
       "       [ 1.04134393e-02-1.68303063e-03j,  4.83421481e-03-1.16961137e-02j,\n",
       "         1.32482098e-02+5.23173125e-02j,  6.17775850e-02+1.93916842e-02j,\n",
       "         9.11409668e-04-1.03563132e-02j, -1.00050324e-02-7.44839123e-03j,\n",
       "         5.31898259e-02+1.22209586e-18j,  3.34733400e-02-5.43314828e-02j,\n",
       "         1.29830023e-02-1.12771169e-02j, -3.34872379e-03-2.03585651e-02j,\n",
       "         6.32970533e-02+6.11099789e-02j,  1.02255637e-01-2.61980114e-02j,\n",
       "        -7.63322361e-03-1.51324703e-02j, -2.02609996e-02-1.72608135e-03j,\n",
       "         7.36991185e-02-4.56899973e-02j, -2.90462566e-04-1.04034542e-01j],\n",
       "       [ 8.27252459e-03+9.57778921e-03j,  1.49894177e-02-2.42260490e-03j,\n",
       "        -4.51028987e-02+4.64568182e-02j,  1.90698716e-02+7.53071131e-02j,\n",
       "         1.11521662e-02-5.58644723e-03j,  1.31191049e-03-1.49071888e-02j,\n",
       "         3.34733400e-02+5.43314828e-02j,  7.65630352e-02+1.83812843e-18j,\n",
       "         1.96896101e-02+6.16476909e-03j,  1.86881239e-02-1.62326213e-02j,\n",
       "        -2.25876276e-02+1.03113289e-01j,  9.11116823e-02+8.79635416e-02j,\n",
       "         1.06535423e-02-1.73202049e-02j, -1.09874917e-02-2.17821329e-02j,\n",
       "         9.30508959e-02+4.65274238e-02j,  1.06084728e-01-6.57675563e-02j],\n",
       "       [ 2.89862650e-03+1.79701250e-03j,  3.65974245e-03-1.82994894e-03j,\n",
       "        -7.85839970e-03+1.55788702e-02j,  1.09678162e-02+1.78311418e-02j,\n",
       "         2.41817278e-03-2.33461875e-03j, -8.62927787e-04-3.93929471e-03j,\n",
       "         1.29830023e-02+1.12771169e-02j,  1.96896101e-02-6.16476909e-03j,\n",
       "         5.55993009e-03+1.97273549e-20j,  3.49896671e-03-5.67926743e-03j,\n",
       "         2.49373648e-03+2.83362323e-02j,  3.05137906e-02+1.52852529e-02j,\n",
       "         1.34515345e-03-5.31202437e-03j, -4.57951079e-03-4.71698064e-03j,\n",
       "         2.76761061e-02+4.47304036e-03j,  2.19861337e-02-2.54551741e-02j],\n",
       "       [-1.14240510e-05+4.09173526e-03j,  4.17237016e-03+2.58667384e-03j,\n",
       "        -2.08586884e-02+1.77699984e-03j, -1.13116169e-02+2.24246944e-02j,\n",
       "         3.90652939e-03+1.00085730e-03j,  3.48079063e-03-3.36052044e-03j,\n",
       "        -3.34872379e-03+2.03585651e-02j,  1.86881239e-02+1.62326213e-02j,\n",
       "         3.49896671e-03+5.67926743e-03j,  8.00313060e-03+1.25231687e-19j,\n",
       "        -2.73750817e-02+2.03797760e-02j,  3.58955929e-03+4.07880251e-02j,\n",
       "         6.27257062e-03-1.96892948e-03j,  1.93625433e-03-7.64628764e-03j,\n",
       "         1.28480359e-02+3.10851080e-02j,  3.98378195e-02+6.43862882e-03j],\n",
       "       [ 1.04585801e-02-1.39668803e-02j, -7.68488529e-03-1.94726770e-02j,\n",
       "         7.58732038e-02+4.70378283e-02j,  9.57958485e-02-4.78999584e-02j,\n",
       "        -1.08138075e-02-1.33713605e-02j, -2.04636898e-02+2.63106894e-03j,\n",
       "         6.32970533e-02-6.11099789e-02j, -2.25876276e-02-1.03113289e-01j,\n",
       "         2.49373648e-03-2.83362323e-02j, -2.73750817e-02-2.03797760e-02j,\n",
       "         1.45534345e-01+1.01315800e-18j,  9.15874518e-02-1.48658068e-01j,\n",
       "        -2.64694512e-02-9.23813226e-03j, -2.60941325e-02+2.12238595e-02j,\n",
       "         3.52101596e-02-1.39045271e-01j, -1.19871310e-01-1.23469662e-01j],\n",
       "       [ 2.08484406e-02+1.89344540e-03j,  1.50543948e-02-2.01043476e-02j,\n",
       "        -2.99031059e-04+1.07103507e-01j,  1.09214172e-01+6.77076647e-02j,\n",
       "         6.85303218e-03-1.94607573e-02j, -1.55657197e-02-1.92471385e-02j,\n",
       "         1.02255637e-01+2.61980114e-02j,  9.11116823e-02-8.79635416e-02j,\n",
       "         3.05137906e-02-1.52852529e-02j,  3.58955929e-03-4.07880251e-02j,\n",
       "         9.15874518e-02+1.48658068e-01j,  2.09486514e-01+1.67454333e-18j,\n",
       "        -7.22129675e-03-3.28513141e-02j, -3.81009242e-02-1.32976454e-02j,\n",
       "         1.64188118e-01-5.15378535e-02j,  5.06825628e-02-2.00145945e-01j],\n",
       "       [-1.01560211e-03+3.20414679e-03j,  2.63378285e-03+3.05382958e-03j,\n",
       "        -1.67854794e-02-3.73890307e-03j, -1.43825665e-02+1.47927991e-02j,\n",
       "         2.81556870e-03+1.74552056e-03j,  3.55487549e-03-1.77751323e-03j,\n",
       "        -7.63322361e-03+1.51324703e-02j,  1.06535423e-02+1.73202049e-02j,\n",
       "         1.34515345e-03+5.31202437e-03j,  6.27257062e-03+1.96892948e-03j,\n",
       "        -2.64694512e-02+9.23813226e-03j, -7.22129675e-03+3.28513141e-02j,\n",
       "         5.40061479e-03-6.26657825e-20j,  3.39870665e-03-5.51653262e-03j,\n",
       "         2.42228048e-03+2.75242805e-02j,  2.96394426e-02+1.48472663e-02j],\n",
       "       [-3.91205719e-03+9.79027948e-04j, -1.46188823e-03+4.61214526e-03j,\n",
       "        -6.74425802e-03-1.94987207e-02j, -2.41615239e-02-5.38188954e-03j,\n",
       "        -1.10967041e-05+3.97448989e-03j,  4.05281427e-03+2.51255479e-03j,\n",
       "        -2.02609996e-02+1.72608135e-03j, -1.09874917e-02+2.17821329e-02j,\n",
       "        -4.57951079e-03+4.71698064e-03j,  1.93625433e-03+7.64628764e-03j,\n",
       "        -2.60941325e-02-2.12238595e-02j, -3.81009242e-02+1.32976454e-02j,\n",
       "         3.39870665e-03+5.51653262e-03j,  7.77380736e-03+3.85778254e-21j,\n",
       "        -2.65906709e-02+1.97958100e-02j,  3.48670337e-03+3.96192772e-02j],\n",
       "       [ 1.58744449e-02+6.61314703e-03j,  1.67451718e-02-1.20533955e-02j,\n",
       "        -2.65839652e-02+8.38703719e-02j,  6.89407701e-02+7.99357330e-02j,\n",
       "         1.01588979e-02-1.35666707e-02j, -7.46468112e-03-1.89147032e-02j,\n",
       "         7.36991185e-02+4.56899973e-02j,  9.30508959e-02-4.65274238e-02j,\n",
       "         2.76761061e-02-4.47304036e-03j,  1.28480359e-02-3.10851080e-02j,\n",
       "         3.52101596e-02+1.39045271e-01j,  1.64188118e-01+5.15378535e-02j,\n",
       "         2.42228048e-03-2.75242805e-02j, -2.65906709e-02-1.97958100e-02j,\n",
       "         1.41364176e-01-1.15776434e-18j,  8.89630874e-02-1.44398391e-01j],\n",
       "       [ 3.23499098e-03+2.03769467e-02j,  2.28501534e-02+9.51916273e-03j,\n",
       "        -1.02400331e-01+2.56266156e-02j, -3.82657591e-02+1.20725536e-01j,\n",
       "         2.02510454e-02+1.83919025e-03j,  1.46230233e-02-1.95282738e-02j,\n",
       "        -2.90462566e-04+1.04034542e-01j,  1.06084728e-01+6.57675563e-02j,\n",
       "         2.19861337e-02+2.54551741e-02j,  3.98378195e-02-6.43862882e-03j,\n",
       "        -1.19871310e-01+1.23469662e-01j,  5.06825628e-02+2.00145945e-01j,\n",
       "         2.96394426e-02-1.48472663e-02j,  3.48670337e-03-3.96192772e-02j,\n",
       "         8.89630874e-02+1.44398391e-01j,  2.03483847e-01-1.45654185e-18j]])"
      ]
     },
     "execution_count": 11,
     "metadata": {},
     "output_type": "execute_result"
    }
   ],
   "source": [
    "np.kron(rho_A, rho_B)"
   ]
  },
  {
   "cell_type": "code",
   "execution_count": 12,
   "metadata": {},
   "outputs": [
    {
     "data": {
      "text/plain": [
       "array([[ 2.09198484e-03+0.00000000e+00j,  1.31652471e-03-2.13688683e-03j,\n",
       "         9.38295775e-04+1.06618190e-02j,  1.14811493e-02+5.75124449e-03j,\n",
       "         5.06128778e-04-1.99870759e-03j, -1.72309130e-03-1.77481584e-03j,\n",
       "         1.04134393e-02+1.68303063e-03j,  8.27252459e-03-9.57778921e-03j,\n",
       "         2.89862650e-03-1.79701250e-03j, -1.14240510e-05-4.09173526e-03j,\n",
       "         1.04585801e-02+1.39668803e-02j,  2.08484406e-02-1.89344540e-03j,\n",
       "        -1.01560211e-03-3.20414679e-03j, -3.91205719e-03-9.79027948e-04j,\n",
       "         1.58744449e-02-6.61314703e-03j,  3.23499098e-03-2.03769467e-02j],\n",
       "       [ 1.31652471e-03+2.13688683e-03j,  3.01126590e-03+6.92558735e-20j,\n",
       "        -1.03001756e-02+7.66811487e-03j,  1.35061116e-03+1.53469430e-02j,\n",
       "         2.36012368e-03-7.40831371e-04j,  7.28536986e-04-2.87699982e-03j,\n",
       "         4.83421481e-03+1.16961137e-02j,  1.49894177e-02+2.42260490e-03j,\n",
       "         3.65974245e-03+1.82994894e-03j,  4.17237016e-03-2.58667384e-03j,\n",
       "        -7.68488529e-03+1.94726770e-02j,  1.50543948e-02+2.01043476e-02j,\n",
       "         2.63378285e-03-3.05382958e-03j, -1.46188823e-03-4.61214526e-03j,\n",
       "         1.67451718e-02+1.20533955e-02j,  2.28501534e-02-9.51916273e-03j],\n",
       "       [ 9.38295775e-04-1.06618190e-02j, -1.03001756e-02-7.66811487e-03j,\n",
       "         5.47588979e-02+1.48444239e-19j,  3.44607860e-02-5.59342330e-02j,\n",
       "        -9.95942213e-03-3.47594886e-03j, -9.81820433e-03+7.98571055e-03j,\n",
       "         1.32482098e-02-5.23173125e-02j, -4.51028987e-02-4.64568182e-02j,\n",
       "        -7.85839970e-03-1.55788702e-02j, -2.08586884e-02-1.77699984e-03j,\n",
       "         7.58732038e-02-4.70378283e-02j, -2.99031059e-04-1.07103507e-01j,\n",
       "        -1.67854794e-02+3.73890307e-03j, -6.74425802e-03+1.94987207e-02j,\n",
       "        -2.65839652e-02-8.38703719e-02j, -1.02400331e-01-2.56266156e-02j],\n",
       "       [ 1.14811493e-02-5.75124449e-03j,  1.35061116e-03-1.53469430e-02j,\n",
       "         3.44607860e-02+5.59342330e-02j,  7.88216046e-02+3.57294387e-19j,\n",
       "        -2.71709232e-03-1.23606682e-02j, -1.43358918e-02-5.00338534e-03j,\n",
       "         6.17775850e-02-1.93916842e-02j,  1.90698716e-02-7.53071131e-02j,\n",
       "         1.09678162e-02-1.78311418e-02j, -1.13116169e-02-2.24246944e-02j,\n",
       "         9.57958485e-02+4.78999584e-02j,  1.09214172e-01-6.77076647e-02j,\n",
       "        -1.43825665e-02-1.47927991e-02j, -2.41615239e-02+5.38188954e-03j,\n",
       "         6.89407701e-02-7.99357330e-02j, -3.82657591e-02-1.20725536e-01j],\n",
       "       [ 5.06128778e-04+1.99870759e-03j,  2.36012368e-03+7.40831371e-04j,\n",
       "        -9.95942213e-03+3.47594886e-03j, -2.71709232e-03+1.23606682e-02j,\n",
       "         2.03204071e-03+1.91363534e-20j,  1.27880075e-03-2.07565607e-03j,\n",
       "         9.11409668e-04+1.03563132e-02j,  1.11521662e-02+5.58644723e-03j,\n",
       "         2.41817278e-03+2.33461875e-03j,  3.90652939e-03-1.00085730e-03j,\n",
       "        -1.08138075e-02+1.33713605e-02j,  6.85303218e-03+1.94607573e-02j,\n",
       "         2.81556870e-03-1.74552056e-03j, -1.10967041e-05-3.97448989e-03j,\n",
       "         1.01588979e-02+1.35666707e-02j,  2.02510454e-02-1.83919025e-03j],\n",
       "       [-1.72309130e-03+1.77481584e-03j,  7.28536986e-04+2.87699982e-03j,\n",
       "        -9.81820433e-03-7.98571055e-03j, -1.43358918e-02+5.00338534e-03j,\n",
       "         1.27880075e-03+2.07565607e-03j,  2.92498051e-03+9.92778691e-20j,\n",
       "        -1.00050324e-02+7.44839123e-03j,  1.31191049e-03+1.49071888e-02j,\n",
       "        -8.62927787e-04+3.93929471e-03j,  3.48079063e-03+3.36052044e-03j,\n",
       "        -2.04636898e-02-2.63106894e-03j, -1.55657197e-02+1.92471385e-02j,\n",
       "         3.55487549e-03+1.77751323e-03j,  4.05281427e-03-2.51255479e-03j,\n",
       "        -7.46468112e-03+1.89147032e-02j,  1.46230233e-02+1.95282738e-02j],\n",
       "       [ 1.04134393e-02-1.68303063e-03j,  4.83421481e-03-1.16961137e-02j,\n",
       "         1.32482098e-02+5.23173125e-02j,  6.17775850e-02+1.93916842e-02j,\n",
       "         9.11409668e-04-1.03563132e-02j, -1.00050324e-02-7.44839123e-03j,\n",
       "         5.31898259e-02+6.89424863e-19j,  3.34733400e-02-5.43314828e-02j,\n",
       "         1.29830023e-02-1.12771169e-02j, -3.34872379e-03-2.03585651e-02j,\n",
       "         6.32970533e-02+6.11099789e-02j,  1.02255637e-01-2.61980114e-02j,\n",
       "        -7.63322361e-03-1.51324703e-02j, -2.02609996e-02-1.72608135e-03j,\n",
       "         7.36991185e-02-4.56899973e-02j, -2.90462566e-04-1.04034542e-01j],\n",
       "       [ 8.27252459e-03+9.57778921e-03j,  1.49894177e-02-2.42260490e-03j,\n",
       "        -4.51028987e-02+4.64568182e-02j,  1.90698716e-02+7.53071131e-02j,\n",
       "         1.11521662e-02-5.58644723e-03j,  1.31191049e-03-1.49071888e-02j,\n",
       "         3.34733400e-02+5.43314828e-02j,  7.65630352e-02+2.10052902e-18j,\n",
       "         1.96896101e-02+6.16476909e-03j,  1.86881239e-02-1.62326213e-02j,\n",
       "        -2.25876276e-02+1.03113289e-01j,  9.11116823e-02+8.79635416e-02j,\n",
       "         1.06535423e-02-1.73202049e-02j, -1.09874917e-02-2.17821329e-02j,\n",
       "         9.30508959e-02+4.65274238e-02j,  1.06084728e-01-6.57675563e-02j],\n",
       "       [ 2.89862650e-03+1.79701250e-03j,  3.65974245e-03-1.82994894e-03j,\n",
       "        -7.85839970e-03+1.55788702e-02j,  1.09678162e-02+1.78311418e-02j,\n",
       "         2.41817278e-03-2.33461875e-03j, -8.62927787e-04-3.93929471e-03j,\n",
       "         1.29830023e-02+1.12771169e-02j,  1.96896101e-02-6.16476909e-03j,\n",
       "         5.55993009e-03+5.75996596e-20j,  3.49896671e-03-5.67926743e-03j,\n",
       "         2.49373648e-03+2.83362323e-02j,  3.05137906e-02+1.52852529e-02j,\n",
       "         1.34515345e-03-5.31202437e-03j, -4.57951079e-03-4.71698064e-03j,\n",
       "         2.76761061e-02+4.47304036e-03j,  2.19861337e-02-2.54551741e-02j],\n",
       "       [-1.14240510e-05+4.09173526e-03j,  4.17237016e-03+2.58667384e-03j,\n",
       "        -2.08586884e-02+1.77699984e-03j, -1.13116169e-02+2.24246944e-02j,\n",
       "         3.90652939e-03+1.00085730e-03j,  3.48079063e-03-3.36052044e-03j,\n",
       "        -3.34872379e-03+2.03585651e-02j,  1.86881239e-02+1.62326213e-02j,\n",
       "         3.49896671e-03+5.67926743e-03j,  8.00313060e-03-1.30949137e-21j,\n",
       "        -2.73750817e-02+2.03797760e-02j,  3.58955929e-03+4.07880251e-02j,\n",
       "         6.27257062e-03-1.96892948e-03j,  1.93625433e-03-7.64628764e-03j,\n",
       "         1.28480359e-02+3.10851080e-02j,  3.98378195e-02+6.43862882e-03j],\n",
       "       [ 1.04585801e-02-1.39668803e-02j, -7.68488529e-03-1.94726770e-02j,\n",
       "         7.58732038e-02+4.70378283e-02j,  9.57958485e-02-4.78999584e-02j,\n",
       "        -1.08138075e-02-1.33713605e-02j, -2.04636898e-02+2.63106894e-03j,\n",
       "         6.32970533e-02-6.11099789e-02j, -2.25876276e-02-1.03113289e-01j,\n",
       "         2.49373648e-03-2.83362323e-02j, -2.73750817e-02-2.03797760e-02j,\n",
       "         1.45534345e-01+2.96434852e-18j,  9.15874518e-02-1.48658068e-01j,\n",
       "        -2.64694512e-02-9.23813226e-03j, -2.60941325e-02+2.12238595e-02j,\n",
       "         3.52101596e-02-1.39045271e-01j, -1.19871310e-01-1.23469662e-01j],\n",
       "       [ 2.08484406e-02+1.89344540e-03j,  1.50543948e-02-2.01043476e-02j,\n",
       "        -2.99031059e-04+1.07103507e-01j,  1.09214172e-01+6.77076647e-02j,\n",
       "         6.85303218e-03-1.94607573e-02j, -1.55657197e-02-1.92471385e-02j,\n",
       "         1.02255637e-01+2.61980114e-02j,  9.11116823e-02-8.79635416e-02j,\n",
       "         3.05137906e-02-1.52852529e-02j,  3.58955929e-03-4.07880251e-02j,\n",
       "         9.15874518e-02+1.48658068e-01j,  2.09486514e-01-9.65641153e-19j,\n",
       "        -7.22129675e-03-3.28513141e-02j, -3.81009242e-02-1.32976454e-02j,\n",
       "         1.64188118e-01-5.15378535e-02j,  5.06825628e-02-2.00145945e-01j],\n",
       "       [-1.01560211e-03+3.20414679e-03j,  2.63378285e-03+3.05382958e-03j,\n",
       "        -1.67854794e-02-3.73890307e-03j, -1.43825665e-02+1.47927991e-02j,\n",
       "         2.81556870e-03+1.74552056e-03j,  3.55487549e-03-1.77751323e-03j,\n",
       "        -7.63322361e-03+1.51324703e-02j,  1.06535423e-02+1.73202049e-02j,\n",
       "         1.34515345e-03+5.31202437e-03j,  6.27257062e-03+1.96892948e-03j,\n",
       "        -2.64694512e-02+9.23813226e-03j, -7.22129675e-03+3.28513141e-02j,\n",
       "         5.40061479e-03-1.07316295e-19j,  3.39870665e-03-5.51653262e-03j,\n",
       "         2.42228048e-03+2.75242805e-02j,  2.96394426e-02+1.48472663e-02j],\n",
       "       [-3.91205719e-03+9.79027948e-04j, -1.46188823e-03+4.61214526e-03j,\n",
       "        -6.74425802e-03-1.94987207e-02j, -2.41615239e-02-5.38188954e-03j,\n",
       "        -1.10967041e-05+3.97448989e-03j,  4.05281427e-03+2.51255479e-03j,\n",
